42
57
95
45
35
96
92
36
32
8
6
8
98
95
77
35
41
38
91
71
33
62
5
24
65
97
12
66
87
62
54
20
54
52
39
84
87
72
65
89
82
98
60
2
35
11
90
46
56
46
17
39
77
30
0
68
71
93
10
41
62
24
75
41
85
13
47
96
96
31
22
72
45
20
60
54
99
91
62
23
66
22
8
37
68
40
26
85
66
87
48
93
88
58
59
12
68
31
91
32
51
16
55
54
38
82
23
67
49
68
96
64
90
2
70
65
35
45
89
35
2
15
44
28
26
37
40
25
82
58
20
100
87
92
15
4
73
68
47
49
70
99
15
57
65
62
1
69
13
60
90
55
23
42
25
36
99
39
18
5
12
40
49
43
65
9
3
63
21
41
13
96
70
43
14
40
13
66
90
53
63
61
81
1
60
27
79
86
89
54
97
47
69
26
100
91
54
57
67
11
78
9
31
38
80
5
48
81
85
79
38
6
8
68
46
90
11
16
43
80
9
67
29
97
98
77
4
63
45
10
7
46
51
53
65
6
62
2
88
87
91
26
82
82
74
91
84
10
39
36
10
64
64
89
9
21
83
52
12
18
31
98
86
72
27
72
33
67
45
64
68
89
90
19
95
55
98
74
87
9
48
1
34
57
73
46
48
79
81
84
14
16
9
3
95
43
41
19
72
79
73
24
17
74
55
71
78
65
8
43
38
95
25
55
29
30
50
12
83
66
82
11
60
53
22
78
1
21
8
85
89
56
95
36
24
69
2
1
80
19
22
79
24
2
38
0
33
19
91
55
41
85
74
37
42
17
29
63
13
59
65
69
6
22
3
26
24
72
95
71
63
4
51
97
88
20
53
85
91
51
37
81
22
34
44
39
85
24
57
22
42
86
67
53
87
83
74
24
58
3
100
42
56
86
49
94
79
82
57
43
56
24
93
55
87
49
27
32
5
19
57
21
99
13
2
59
6
67
6
12
83
24
91
19
74
86
18
18
69
56
63
6
41
31
64
17
91
16
67
92
85
26
26
15
2
43
94
19
67
27
30
32
16
52
18
36
10
4
18
52
19
65
14
42
19
59
59
63
30
66
76
22
39
19
58
72
15
17
86
14
44
9
65
24
32
83
21
40
78
84
97
94
18
98
13
45
7
36
39
1
20
69
61
22
33
69
36
69
95
15
97
24
76
45
7
28
77
97
83
72
87
24
40
73
38
64
62
51
66
72
44
18
87
97
72
19
43
39
69
27
71
30
25
52
7
87
59
45
61
32
70
85
86
6
40
46
46
28
44
19
37
41
63
70
54
62
60
78
61
67
34
57
99
83
76
72
13
52
98
88
70
41
65
7
24
85
19
46
55
25
71
10
53
75
46
23
98
65
18
77
85
55
20
97
73
55
75
45
7
72
10
27
25
23
19
23
82
78
28
63
11
32
78
26
61
28
44
73
14
37
22
78
15
82
38
4
80
9
14
75
56
96
58
38
64
79
9
42
70
79
56
97
33
57
11
27
23
15
1
32
51
78
84
41
21
36
26
66
11
19
2
36
97
65
45
55
52
56
10
67
5
46
28
49
76
53
20
49
11
60
89
92
72
67
80
59
46
85
72
48
19
38
48
91
14
14
31
12
30
83
63
8
30
24
74
33
67
77
27
57
20
60
92
8
88
42
10
58
76
62
33
14
8
41
33
38
94
86
21
90
23
92
69
54
12
10
51
98
6
8
56
59
60
67
23
70
86
41
14
74
48
99
11
42
44
83
58
99
4
59
29
7
86
87
33
60
48
79
1
78
80
51
36
44
43
29
58
76
74
40
55
86
56
65
86
12
32
73
62
23
95
98
36
88
88
62
13
49
9
15
95
67
31
62
26
20
42
93
18
88
12
54
85
15
29
7
58
44
18
81
20
73
6
92
19
52
66
2
19
88
13
52
73
16
82
74
85
50
36
60
32
17
88
60
38
71
11
68
28
52
73
51
32
67
94
43
23
67
49
1
82
80
34
19
58
38
57
88
41
30
43
82
98
42
6
57
19
28
69
68
42
95
73
70
65
83
82
65
23
58
98
25
30
47
84
91
14
16
58
94
6
46
15
92
37
52
31
3
51
66
11
5
9
73
53
78
39
34
14
26
62
87
52
96
6
83
69
64
1
70
53
90
42
27
28
10
25
72
28
98
57
74
84
77
24
99
90
48
75
72
44
61
90
89
69
7
58
36
37
82
74
61
10
24
18
33
19
22
48
30
4
79
79
56
10
48
83
91
60
42
75
4
39
69
88
96
69
21
32
11
49
49
7
62
9
52
75
40
9
92
51
83
8
34
77
71
87
64
16
17
2
29
59
3
54
28
56
82
19
74
84
26
55
23
38
28
5
23
18
40
96
70
52
15
61
6
87
34
53
33
99
50
38
27
67
39
3
79
1
13
23
44
40
8
72
71
7
85
91
88
26
94
51
47
18
79
16
10
11
26
21
44
2
86
51
19
71
43
44
65
45
47
21
85
47
86
39
24
82
76
5
33
17
81
66
98
17
99
27
20
32
36
69
31
78
31
25
99
43
89
81
66
14
57
21
53
18
42
37
25
59
17
40
26
72
59
14
98
45
17
33
64
3
71
16
52
31
63
92
68
26
32
41
78
67
56
10
96
78
18
98
71
55
97
27
100
58
14
13
40
80
49
6
46
36
42
90
42
14
48
48
33
97
29
26
75
51
98
2
24
26
32
56
49
13
62
14
6
30
42
73
35
23
67
42
70
62
67
26
85
27
26
22
46
13
10
63
72
14
39
91
81
11
95
52
29
19
60
29
26
32
38
15
23
95
25
79
9
66
73
0
10
87
88
90
38
57
83
86
71
6
59
42
92
67
52
13
37
59
84
41
65
64
30
29
9
55
65
12
84
71
91
53
33
65
97
91
9
63
51
23
79
72
31
86
30
27
77
57
73
55
58
94
43
12
85
98
48
27
49
69
23
19
46
97
90
70
21
23
16
24
35
29
74
10
84
5
98
1
49
10
76
59
72
49
34
19
16
6
60
60
48
57
25
8
14
85
11
37
90
59
69
87
99
12
76
50
20
63
83
96
76
68
46
33
57
46
37
56
3
19
23
17
96
30
18
94
13
45
80
30
94
91
47
23
56
58
1
81
6
36
55
4
26
85
92
84
10
40
51
22
60
87
62
4
69
83
28
100
72
15
92
64
56
80
94
18
8
68
24
96
96
11
12
81
3
87
43
78
73
6
20
47
13
86
91
5
11
88
56
40
40
59
74
96
53
72
25
83
84
25
89
100
49
51
81
77
41
38
99
25
6
9
36
74
8
29
35
71
99
93
55
29
78
4
91
66
31
44
49
98
79
87
49
0
96
3
86
58
58
3
64
30
76
73
7
59
24
73
11
26
38
97
49
79
59
19
8
83
77
27
18
97
89
51
49
77
90
60
36
33
7
28
28
53
81
21
59
92
27
3
65
64
69
97
17
35
47
56
91
11
98
91
59
29
98
90
43
80
2
61
66
9
28
84
17
1
30
53
9
45
7
62
18
63
76
11
88
67
37
47
38
43
94
21
18
39
39
62
37
53
81
26
5
49
54
89
97
84
18
69
20
98
78
9
96
6
71
72
53
97
38
42
47
89
13
42
16
42
100
73
40
30
8
14
67
95
73
90
54
73
98
60
8
17
34
22
52
74
3
11
22
36
85
27
48
31
77
77
13
74
57
75
99
42
1
19
17
27
54
13
57
86
14
94
12
55
55
63
8
84
80
84
27
77
47
99
4
29
79
73
10
3
78
97
15
45
68
28
40
16
53
37
34
98
32
29
38
33
75
90
72
35
96
19
93
76
70
38
64
8
16
51
60
57
35
91
18
82
22
15
88
13
48
36
73
22
69
31
69
64
65
30
65
48
72
25
16
1
37
29
48
71
42
48
7
96
72
60
84
82
37
23
20
5
71
53
77
86
95
45
78
75
70
72
61
78
17
72
18
27
50
50
13
1
20
41
46
31
86
46
88
35
5
35
68
45
81
82
19
55
41
86
83
21
30
52
55
59
23
99
85
19
37
15
37
22
66
7
14
7
46
76
62
45
7
62
40
4
97
63
67
56
7
68
15
81
52
12
98
74
77
79
55
43
48
16
43
86
33
82
36
95
25
47
18
93
67
40
68
11
1
71
57
49
98
78
72
88
12
68
23
0
17
37
5
74
14
97
40
4
84
10
16
58
37
73
45
98
60
74
12
72
91
14
99
32
74
1
11
22
27
85
93
3
33
74
41
16
11
29
8
31
44
10
66
78
97
92
43
48
36
16
87
28
88
55
44
28
98
92
49
99
75
13
26
56
63
4
58
75
3
79
72
33
49
19
80
51
85
76
52
48
29
15
76
98
35
80
60
93
90
83
53
79
99
63
63
5
64
80
56
59
32
69
93
43
16
41
67
41
37
41
95
68
84
33
4
100
91
5
74
94
53
30
84
1
45
89
60
50
49
30
11
81
30
71
11
50
30
59
8
8
20
45
4
38
98
49
16
29
15
98
95
65
87
98
70
78
83
47
39
71
49
92
40
1
39
22
95
41
1
65
89
95
30
8
37
44
2
37
12
80
86
27
32
49
70
22
92
55
